# Created by Octave 3.8.0, Fri Oct 16 23:03:39 2015 EDT <JosephTao@dhcp-hol-3047.eduroam.cornell.edu>
# name: w
# type: matrix
# rows: 1024
# columns: 1
 -4.526107580510842
 33.54732837511303
 228.4958063312103
 -132.5541671134886
 2.806964015378092
 -58.56925090521995
 64.44732658678825
 -48.40932481179468
 -25.9354540117279
 73.82526556833443
 56.73662219342841
 -132.339948746466
 4.008335035739451
 24.74922388366394
 161.0364053015227
 -79.70209622781914
 -22.45548015382288
 -81.88489777723071
 68.73050545186717
 151.8708879881783
 -6.375804018159643
 42.34603306726077
 56.64528489058576
 35.90964791989212
 -46.13056941918313
 84.81558269480372
 72.41161010330899
 108.6573515292851
 6.240182949751519
 59.27665480671939
 14.35449767039245
 -15.02866708675665
 61.77073833857965
 -98.12794009916267
 282.4913046982582
 -49.97444684000676
 36.80838215856199
 -20.56032313160401
 -31.57252980411716
 41.6188355894722
 51.71606962020598
 32.71868181170329
 -26.2725758316024
 144.4068721153506
 53.65536081178715
 -112.5437808127924
 35.92269583769195
 13.02669941317841
 -16.38284828652204
 -77.3742815023739
 47.84447399658433
 43.66303891477572
 50.49583213146793
 -54.32493855461183
 -12.4944784077007
 -21.50230134743475
 -66.7208168328856
 77.7581724111012
 30.88555539283839
 9.618842518485515
 125.3227529685288
 67.66957330112004
 -20.68421645727494
 -13.28913804000493
 11.12647873236057
 -34.23593275634752
 6.571280130396431
 -32.42125983887497
 -64.76177840088242
 -5.568643457859518
 219.8863719140103
 -13.31804919885424
 -58.52830720383266
 -60.90328856405623
 -93.99151320120086
 -7.952849933454899
 27.23101305115897
 76.10720646162605
 18.31003967821564
 71.2290294671068
 37.71070949602152
 -33.50561726531846
 17.56341346247505
 -8.850452027210572
 43.14270197554448
 20.92059165620147
 11.22464824595085
 -20.98170484123826
 126.7521616577815
 30.50636749470894
 -60.15769610220367
 112.7311401149446
 85.88573211043091
 -34.13954261295754
 -86.60451316690994
 -48.17393455212921
 -156.3246300209761
 70.61734798813858
 -82.37928715556684
 77.61409760954569
 -95.76080287495604
 -91.42616003144575
 -15.081388616776
 -41.66581115035445
 -209.10725910877
 -22.98481759119239
 -161.1349541428356
 126.1659206297987
 -304.8698578724057
 142.7066594133422
 -26.64952857395308
 -18.04757419168605
 170.9004818565288
 -19.37180025169697
 -171.4882514682528
 -37.67610624543861
 -25.64832149989955
 53.39245601873135
 24.95688020470454
 -33.8646458866554
 -41.61031310142179
 109.9011509401266
 -70.83627859858966
 -176.7761106405327
 -111.5668648387192
 -60.07730453817298
 9.615777742872915
 -2.06609873719878
 16.00622861021893
 4.119492488411359
 -65.94763328220147
 -13.56680646904231
 -19.08974125738611
 -11.23483610641673
 -0.02673572561031189
 35.9385876009917
 40.85663551663293
 -118.1735458973815
 58.31366050862435
 -130.5514991989718
 75.25418257006858
 -47.91015386798976
 58.82489323792964
 5.637385218299939
 -141.0999233713181
 -28.80874143059463
 -52.4368704513404
 89.09249490717022
 -42.74314577202873
 56.45668255445112
 52.18803614296478
 -19.09941834693012
 -75.10529478993556
 -157.7069508053087
 -28.91259842852896
 -133.6516852266562
 -28.94046381926893
 -23.89384187644875
 -8.184621169640034
 -76.45057651950907
 -45.88096758640846
 -34.42029998509267
 38.91899673635599
 -119.2882259230341
 177.3232699006806
 260.4061795300626
 -22.20172761755765
 -28.6531033849426
 13.99965319049827
 34.56376830047495
 -59.27727786002378
 -1.009592461780986
 76.13885037212739
 -4.92253108698306
 16.68313293670642
 -66.03602085138233
 -29.45223669570391
 -161.0401998167345
 143.9437123024523
 -228.3614100327493
 -29.58378133630814
 -109.844282782968
 -90.12931500211124
 196.5330753434871
 36.86881678151899
 48.85938351450898
 18.4901287701027
 31.377080427013
 -51.31908946291568
 -61.9531214726581
 49.03026531544794
 -24.64141612206596
 69.140572624187
 -1.344716764824753
 12.31480135528644
 -64.79806081686654
 123.6017445207059
 65.05525279392505
 65.94083311079812
 -42.93249256171669
 -43.49958655293406
 -119.8307080967169
 159.3808824623905
 -35.91932998815398
 18.72163904779361
 -49.37053656868412
 -49.01694056816699
 -25.06137928553807
 31.08366142223862
 29.70789960298545
 35.67110991092262
 -9.545390036753762
 53.46203611749512
 25.63478479846883
 -52.45835972185577
 103.7314916426639
 -68.2699817723239
 -121.6847182703211
 -33.49591470575587
 -83.18752098875225
 -101.4249439807251
 -30.46859255920677
 21.48981688243096
 -76.97063122366701
 66.48429989426113
 -83.87556517188804
 97.53150146965
 27.28256060311353
 18.7077294264577
 -7.830666135321904
 -64.8297080569512
 7.288920729839702
 51.70583937071436
 38.62019845213564
 -12.36033733436416
 19.44513342501154
 -40.83850068290546
 21.34552885655624
 -54.76948656987036
 103.8744169525998
 -30.09697481140662
 64.70749900166543
 -45.58768659806648
 -153.3921070488444
 -1.036882575685501
 -45.24962740516219
 -164.082401024886
 9.344741970186668
 108.6686968600596
 -60.66408496540622
 -67.98153381894252
 -48.10024960659499
 27.26151835895047
 59.84441002452888
 30.73611158934095
 16.65074906297522
 -89.82569403543727
 -35.01859763935514
 49.77247204024363
 -83.47560609615037
 -11.45282714578603
 129.7560024671069
 -81.49649021716063
 -17.57547380475049
 -108.0863993818206
 -59.12716232130832
 125.5345621050693
 8.792993143887253
 113.0331442111078
 -12.96179216925091
 -97.42621589205142
 137.9522565739857
 -25.41861337589592
 -56.8881664777654
 3.064076657923305
 66.34422099552869
 -13.77962434966494
 -16.86751699935287
 -68.40437206413479
 101.4473400754106
 3.378293906548443
 -49.50550068125024
 -36.80573213539365
 -5.845157589130951
 -71.24871368338789
 -22.84354903975551
 35.16268638944857
 110.2099798733971
 63.17069165777249
 129.2443783722973
 -90.90634922897425
 31.1713216568173
 12.40158708812439
 -111.2664890367269
 -4.813393714787377
 -32.81818869045021
 71.43240878780924
 -8.549751315113379
 21.02653360175297
 16.65094454808208
 141.5654832514569
 -22.85537003239923
 26.46252377660522
 -36.08457000776992
 45.27912531406607
 -64.62341126564935
 173.7958666644089
 -12.7360106700322
 -12.1451548569756
 115.9642915971589
 46.61877513487332
 61.87879701122653
 0.4772773773311936
 55.57396707037613
 50.95197605718345
 -23.33700831443392
 -5.550863214678162
 -28.46606975832978
 38.53464644829192
 -50.50178028440444
 -77.86720053555953
 20.24133211363914
 44.92656016465239
 30.67413274752458
 -21.93790154870597
 127.424334914772
 -55.11645276137519
 71.65918894286912
 151.0424843373691
 71.82512277380042
 16.62086653171249
 5.108704304515006
 -27.14127769727274
 47.89742656593948
 59.58948702569798
 82.1484343745345
 -27.47824310486358
 10.12853286469061
 15.19482515372021
 54.07200020312463
 -156.3566724525533
 33.07856237962248
 -35.33482000518767
 -3.142820551712975
 -4.201681346798312
 -33.49708519780371
 79.24435716605529
 -52.87813567045508
 -164.4294660619149
 18.17628106308029
 -56.24182816420422
 -162.3423872650632
 -28.1926832737506
 -34.9650989963327
 15.75382996465007
 125.9934445076577
 68.96480354503689
 137.0614048218175
 50.11236101232998
 4.527494743302381
 92.49794325650628
 -27.07358299891167
 -10.12144277806432
 -7.89697979605098
 104.3708584686143
 -100.5427284501539
 -113.5010862257258
 -37.71149577040868
 -10.05343386717878
 -39.40009697702587
 -89.80281880992955
 7.017610133567975
 -100.928962582411
 5.788773428327835
 -104.2894031011072
 -70.38783378528917
 -55.64998560146908
 147.3697074469401
 46.68540423867181
 -64.70761376352431
 163.1817718012016
 102.7236196972331
 -80.16279336663611
 24.19846664910764
 53.90013360844669
 56.98383592014155
 116.4132308814277
 -67.71056253051616
 12.19931652369353
 162.7055015833072
 4.08607194277798
 -10.72192843746162
 18.50808473897055
 1.548740959975447
 36.45682949319331
 76.9304711562591
 -40.2611273802366
 -91.01886846604285
 33.58964769176702
 -29.06798356009511
 128.5989294902087
 -118.8189953995305
 -103.559453049291
 -43.24611980875008
 15.16822727057063
 -105.4694541036001
 156.0602081951681
 -33.75312571068734
 81.54097126347354
 73.02419591503293
 -45.21626717831573
 163.8111777359958
 -78.42565523657581
 135.3116414026871
 17.09943265023707
 -122.388929867153
 79.76819586773344
 148.4297823413466
 29.06729129424724
 52.12564788876945
 32.4277504950452
 -40.91237773332997
 -127.2622338269757
 6.638141609888681
 37.0291924704628
 103.4840508044529
 58.82480853533542
 48.26911661515456
 49.60444267811646
 11.54186302599469
 71.12597711920552
 33.84376568872029
 35.25077510725978
 32.28403741033238
 98.72250407743351
 40.73692764505008
 -37.95755452761254
 46.58429998391913
 -11.4060470760578
 64.27780827154734
 -145.4256983955313
 124.9695945111868
 -29.25394350823053
 52.43989471085126
 -6.844641568021614
 1.92261173024089
 -100.7929168598438
 -36.28504747655048
 59.33324888229182
 52.65885140272242
 33.49613348710491
 -8.811024174438939
 -65.45608616035474
 55.53599426407306
 165.6957865115369
 -25.06237546927099
 -45.24636655091989
 44.32470754418441
 127.2417500479728
 15.72550393826037
 -62.04019941099035
 -1.614975787889095
 13.70020513683334
 -106.0741014281029
 -72.32668768130637
 -76.87481795508705
 0.6453215945949961
 -52.60802687660655
 52.84107106475194
 -108.8300589337113
 63.07335657062163
 -75.78261224319812
 1.749782632921058
 51.68020936009501
 73.71904292308571
 39.11443981904592
 27.50955044012959
 -12.83764185739385
 44.11432084029406
 138.699769772023
 -203.1160542924306
 63.95752352879909
 21.8036818349504
 -82.08299494420392
 8.827763058337405
 -45.77659968697616
 168.5351847618674
 66.87081333627769
 53.10789261240733
 31.41199771863445
 99.95031945429903
 -133.4560309114241
 -89.41578591307437
 99.64892881963542
 5.682344136582508
 -6.021736705367377
 1.015778381062735
 -44.33618165373452
 89.49412756988738
 -57.1441333621337
 -139.4977584359602
 -73.04212840506742
 112.020364347632
 -44.75378971643516
 60.43309130737976
 -23.32852818947255
 150.8071144519874
 137.1661356976257
 -17.63389109715872
 -24.76592637803769
 25.69807903760383
 -144.2402278203477
 -159.5592464943215
 -75.9911821068235
 -56.72645762849706
 14.35058690436192
 14.86086121150488
 116.4581421123646
 -58.36113570622015
 -58.84450200952511
 -50.78569574326097
 -86.27725211265732
 27.25228783336402
 -7.394454436481298
 -59.10350984822757
 14.92721113647159
 -43.58689972770353
 88.14155489846078
 8.581678248229009
 -40.2654869011953
 26.2738673786615
 -1.372114688822553
 23.00357710936605
 -79.55585040966596
 29.40655212330502
 -47.70045140701057
 38.22878512240047
 98.49294334522419
 31.60861530138869
 -121.9188443555324
 -63.67401762608623
 64.66493238901349
 286.2525061619768
 139.4834640944696
 -66.16379909240537
 -17.78353866081174
 2.869177318173984
 47.70943402418273
 19.04320775696966
 -49.15745873261832
 -14.98797534429098
 26.1056524549991
 22.74375008281548
 -1.924221090566655
 32.08254948443277
 12.51961934110327
 -13.49238922906606
 3.481124891440859
 -74.57058730628658
 13.43988854651646
 17.73753274189161
 31.23959143177078
 -111.7260151526512
 42.75537972692002
 16.85973028839076
 -70.70156765935305
 58.03602155368448
 11.07271632301596
 11.51009146497641
 69.41908188560645
 7.070744205844506
 -4.321278940042232
 -81.69090834525986
 85.96786748790598
 68.17255500526274
 -18.80510322532123
 -20.86960371619555
 -91.952840840528
 -47.28187664814907
 -2.294001158901148
 114.4361203976154
 -68.58363598322791
 -103.6939567599897
 97.2123391292922
 14.82353712167727
 53.7099881047085
 -41.4663984181953
 -83.19254677257712
 39.58794729583411
 5.340296538906685
 -86.22513956465068
 77.06556275406304
 -9.779235936111347
 -30.25680600739443
 74.0094593992654
 69.1164131403776
 85.57595359584907
 61.01724451988652
 -24.57400622812203
 27.51886917955258
 -58.66916928592457
 -24.39576987488882
 178.8314919488651
 -11.74938707917791
 44.94685060038942
 -123.4952721645159
 10.05627028162349
 128.8891149488129
 -61.13333217621918
 172.7728290593933
 -63.00749031435947
 43.32984252576193
 37.79911714111518
 -60.68322453233313
 53.8085980061558
 -34.18589399311581
 -96.81432020088445
 -91.81809102528902
 33.88246518403386
 -6.101137853823463
 -30.01117758719022
 -115.6135504475027
 53.46089809001332
 -13.48483893898938
 -52.71491920739852
 -61.21972993406804
 57.29002126230792
 67.54058694772429
 -30.88864387487041
 -44.81908756434487
 -67.20750656723314
 160.0245710198405
 -19.19912634980742
 -43.10463241710574
 38.40843354386963
 -66.54889756192829
 -186.5752431162756
 -140.7502489564439
 -4.420933383513538
 208.9665470933219
 -141.2815198279406
 76.05670614806564
 -10.98904471678404
 28.505499515988
 -88.34205840457537
 -76.47103524135487
 23.76952454087708
 0.4281909598960204
 -88.6975077117268
 9.981309335995865
 -10.37555833531008
 -33.77120398072636
 115.3556922499144
 53.86168392452178
 68.45833486001814
 -103.3361261130293
 14.5936066594528
 -16.05610966012658
 15.58690238253201
 56.11611188863593
 41.76796005210044
 -8.609246947453109
 -33.43597797486852
 -12.15997217492169
 37.0542515438738
 167.3883072082594
 1.673872445295524
 5.843131636165656
 -77.56567030342028
 114.6485153834387
 -111.46891393489
 -59.96809001631345
 67.3196237982678
 -46.40081146373977
 93.54595422911078
 31.59004260153311
 -34.46826777773224
 42.1032252076124
 92.44340330454575
 194.1009042802846
 -49.61718831011182
 -10.64269985558072
 31.4528970498916
 0.9262681852614439
 15.30385488861831
 47.36636439475411
 66.60926085969197
 102.5019217740548
 -27.09358338241476
 20.87758026897585
 222.8204805224901
 41.19388986706755
 187.1739924914316
 92.31215719855244
 56.44469896156751
 -2.596118067977284
 -62.49354874740302
 -32.49649027572551
 23.02340447370015
 52.20435405434282
 75.18355749059762
 -40.67856364511122
 32.14867107449863
 -78.94578209791733
 -23.04210026351053
 -2.91971916922087
 -21.63790677958096
 148.7106946113206
 181.8045866677177
 -15.0813713981417
 102.4317476425798
 16.67755101635471
 -52.82891980365666
 -41.79449855278588
 -45.16283314132473
 41.96574563127859
 28.04855200115223
 -110.5877208492935
 62.72758883542995
 83.22600850371636
 -43.05246380796182
 -32.32349054985852
 -176.0428614693997
 -31.04941608360033
 -61.31181695998412
 18.51678638363376
 20.03517194477741
 -34.77210591162306
 -22.53993439220528
 -16.39447704505522
 -103.071468764793
 -2.648915504323646
 -18.05385526449354
 -65.2153080655816
 -25.84737908456621
 5.925487587135962
 -113.2405437426536
 -76.30183558432445
 9.989088546471304
 112.3204036435912
 -50.86877252116201
 -110.4723190703641
 50.70536771292184
 34.0293600930228
 37.02454671872344
 48.52138511627196
 32.28546996508702
 90.25671686634362
 -186.0869497496931
 3.787252975111691
 69.84051527294309
 -57.20864387394875
 -36.34816052866957
 124.2793906021773
 88.05278974655923
 183.8116024259013
 -54.34988899694259
 -12.08893428630488
 39.32234857239339
 40.95461152483897
 -0.06062973510030775
 33.45247609897595
 52.1236881637013
 -15.98611905012245
 -86.88394341605765
 -8.583476411936877
 -6.862351321695579
 -75.48535068221274
 40.52105709724297
 112.5747417111077
 -42.53350292388412
 10.58667988356579
 -75.09682735265196
 -39.81914386900453
 -195.1174800104971
 31.9695047790789
 -137.1159054954223
 -116.8094998341301
 -51.99999712281925
 110.0959197609156
 -79.44518118125067
 -115.5565902694542
 19.58380095253391
 40.60096735378082
 46.48443351963634
 157.0759848294873
 2.863665192574437
 117.0803177489599
 4.986375481843689
 -87.50701469920712
 -93.9020562889668
 -29.95042809713888
 195.5360723771278
 40.02891636917648
 -98.29028854333079
 38.10727946233397
 -31.19700802530873
 246.8290903195628
 -12.32203921999826
 -65.40884852337338
 -38.9413904237774
 52.30635739684221
 -97.04643706116879
 -201.958653369233
 -69.33702510336948
 21.81499437736087
 -30.19299509289085
 119.0061996611758
 141.0794631143166
 -17.05560143857692
 91.45360182985191
 -28.94940309992305
 29.4646809886156
 -20.58898359494394
 38.08058372426666
 21.10505564867118
 -50.98812012315719
 22.22579125052522
 -0.2028400722521214
 32.75707468807969
 -69.85004720980048
 74.24497863056344
 -6.839218369677702
 81.07506950695661
 -163.8183967220248
 -21.76447694094939
 32.32161670905861
 126.0957011752912
 80.03565914434823
 -44.92441587019329
 -45.61093204792729
 94.86794224107337
 -134.94622629583
 23.10784440175983
 -66.21574045862619
 32.78635407361311
 38.42994735697702
 -69.23660973478775
 -73.66852726253644
 -128.4204437529261
 102.213369284654
 74.5822651558525
 -16.60715089455374
 -118.7805102267086
 -79.61330014490017
 2.908916782101937
 -155.9988433428051
 259.1894594701554
 28.89837808078513
 33.6772837584184
 -31.15883205049695
 192.3939203556207
 67.92838410456692
 -36.54875298929847
 106.6087319424997
 -21.07084503710102
 -118.6297358359872
 3.335909351704232
 -64.25441580556301
 -59.6727836886976
 -6.122823744961736
 -189.890706600409
 -119.4674350215957
 -55.86619220389169
 -54.6707506296824
 5.836929742972366
 -25.4328647803805
 -50.77891241962767
 -37.02227535325846
 -91.42678721123153
 139.5099551434876
 89.32510190277949
 -149.7284195701789
 49.4377930181891
 113.3039201933466
 -43.94674986433412
 -37.34376197712993
 -11.93519717423733
 79.59572020350528
 -19.04662847791307
 21.70217040894804
 -17.49682044656107
 127.9375854977963
 38.4231815826484
 93.31747783094211
 -136.231941035091
 52.73427722262824
 -47.17614822184544
 46.29174263381837
 -15.57265347821026
 -60.85907049213755
 -23.83727196406694
 -110.0377097246378
 75.91056154698214
 11.99918597958099
 -57.70380033693905
 42.17271403507218
 -114.6520805853173
 42.75971859304396
 -156.0809161240968
 -27.28985105588372
 -82.07361972717524
 -46.98472737283304
 -15.86983649219636
 -100.778674065642
 6.245747304534341
 31.95477969875808
 -24.23427470187549
 118.683296961264
 -60.1139519511593
 67.29517015692865
 -104.5706978701115
 47.51787571935554
 165.526455989517
 89.62597687776173
 -54.23030317364665
 94.4370482628904
 -60.02594189483663
 61.60932739726736
 23.69422411384475
 48.15380891598085
 12.47812161356883
 100.5338838352307
 63.56557844138513
 -73.21604759269125
 -187.279905261843
 -16.07967368582934
 -95.59698892892837
 55.5804002799605
 -41.80674900432219
 26.58991963040561
 135.134054265404
 20.50997210152637
 -11.73514662765249
 -52.03055020851257
 -6.577128858692069
 182.6209206640054
 43.63240241239829
 81.86075880153776
 -44.32124295173205
 31.41414309953054
 -2.379124294961809
 17.67976483701497
 112.1682872172717
 -22.77477511734655
 155.5700586629139
 -160.0314476655749
 -55.32238573101345
 84.63548263413901
 -40.99199890780105
 -17.06549455034846
 -86.76299212336031
 -150.2293588198817
 -59.05926303652485
 -4.718359057245578
 -6.718815463897342
 -2.54021882965973
 53.52884501072123
 14.1008498988096
 53.39567276721559
 66.70456273398162
 102.7375775568625
 -39.1061600552235
 -50.4965685348022
 -160.8114272390917
 -51.36601509334099
 64.65955957975427
 -54.49824661272801
 -115.7578961079398
 1.813751775854347
 -59.55361331114226
 -47.06084002338724
 46.97693972177218
 55.33121312245066
 111.7330313582949
 69.53231686205878
 52.62538808734121
 110.3458004648638
 26.05487471619776
 46.80246118346843
 117.7748011244953
 -37.75523846147194
 -6.345208371473276
 -23.62001845071456
 26.56485469605481
 -106.2193002539366
 57.64190177426661
 -26.12251937566395
 66.25444090459911
 -55.50751728310956
 40.12476576485211
 -26.18452436281621
 -77.44653512853803
 -53.108995000539
 21.03975575778769
 -122.4191335482979
 16.85163692895405
 34.76945174892605
 -11.81389042477665
 33.32734379212841
 134.1069834706402
 111.3134670536705
 7.690090362474647
 62.0480181615074
 105.3677473094141
 -8.093087927540083
 -24.79878737826117
 -62.18039823951506
 -62.69034046416852
 -10.90373917824647
 79.02623858382113
 156.9502779974149
 -7.921195217993509
 67.25237600944931
 8.462899597644125
 114.4267203171251
 -3.176231668795374
 70.9687098666448
 32.62290197681705
 49.09546959907763
 -40.83109440591225
 -83.55069205392873
 -177.6509988474652
 -110.0934261189008


